AdaAttN
ArtFID: 30.60095977783203 FID: 19.341253885655092 LPIPS: 0.5043792128562927 LPIPS_gray: 0.40488094091415405
CFSD: 0.2608
